["osm-6", "ABprppa-", 0.6769207857285844, 0.06100660740370311, 0.08033677392612622, 0.07578823815967323, 0.10316278785467148, 0.057208296941527084, 0.0738675144771553, 0.07492091545043508, 0.16498569795236862, 0.06332330954296782, 0.07338519482149014, 0.11615811101325178, 0.10316278785467148, 0.06281215576906378, 0.10316278785467148, 0.10316278785467148, 0.06191975662690453, 0.0, -0.0019477678643766325, -0.006898003486231998, 0.08012542342574891, 0.06209861528718841, 0.08051295904325255, 0.10316278785467148, 0.07077275701431265, 0.09053381042512419, 0.03304577566202188, 0.05933591980458605, 0.054455705999792124, 0.10316278785467148, 0.10316278785467148, 0.07213655414240902, 0.07052285654726333, 0.05399384247796561, 0.08020519513904394, 0.09853805814269902, 0.16032656286951522, 0.09449350160258847, 0.10316278785467148, 0.10316278785467148, 0.10316278785467148, 0.07987429554490477, 0.08480723250224333, 0.06527654275495559, 0.10316278785467148, -0.027631951939668904, 0.10316278785467148, 0.07317483305604483, 0.06642914851629393, 0.06266667105851145, 0.0014712950499850938, 0.08024255126912688, 0.07694091506084128, 0.10316278785467148, 0.0, 0.06631321423822918, 0.09254049102469993, 0.018119650164102774, 0.08530904720132164, -0.005657347185448444, 0.09198986628544543, 0.10316278785467148, 0.10316278785467148, 0.07564951391635184, 0.0006797809192908593, -0.05368978880442087, 0.07051390815613365, 0.0014377245462948217, 0.10316278785467148, 0.08710038240080793, -0.006891150674137335, 0.08418516754176875, -0.018530360041092053, 0.06951121631836729, 0.10316278785467148, 0.011561343208200311, -0.00457314139577026, 0.07084655139557436, 0.08666860079707431, 0.10316278785467148, 0.007677529782665436, -0.012079958848424156, 0.10316278785467148, 0.08507660224419855, 0.0, 0.057479555896881744, 0.007297416979395164, 0.0818790095646518, 0.0, -0.014872055833738526, 0.08078775936240289, -0.001514384280525709, 0.0, 0.0, 0.06593685421895998, 0.06798417583935139, 0.012783288488399363, 0.008743750582735582, -0.017941317541475366, 0.09018676497018362, -0.022809409146495496, 0.056973907626636205, 0.06673912836213788, 0.011064794003153933, 0.0, 0.06543002943448294, 0.0, 0.004656492065299507, 0.0, 0.04429853398409894, 0.10316278785467148, 0.10316278785467148, 0.11890201036943104, -0.004788536339998149, 0.10316278785467148, 0.0010307322957582212, -0.008889277564184565, 0.10316278785467148, 0.10316278785467148, 0.00010764580074345409, 0.0, -0.007387291397869084, 0.0032926110865510194, 0.10316278785467148, 0.056840365780507336, 5.331312610385992e-05, 0.0020781160866371836, 0.0, 0.0, 0.10240963785892913, 0.09410715287491835, 0.07969827895945819, -0.014549971091145173, 0.08136168588745543, 0.0795148615199229, 0.05665019437239551, 0.07365255208076946, 0.10316278785467148, 0.061044080721219474, 0.0, 0.08410959219366189, -0.015731743771420618, 0.10316278785467148, 0.004486791652207163, 0.006396619027516205, 0.0799565597997554, -0.027573249548408438, 0.10316278785467148, -0.002128528662143501, 0.0, -0.0023482496249317944, 0.04444502328745592, 0.09193799122738507, 0.10316278785467148, 0.0, 0.0, 0.004224902012399387, 0.01103224853569099, -0.008448483597890579, 0.06716185667896847, -0.0007994833956260268, 0.08080424969706153, 0.0, 0.009356223635699438, 0.04859628805393049, 0.05793284841121414, 0.10316278785467148, 0.06684469377441733, 0.07107065772707652, 0.008423163058070941, 0.10316278785467148, 0.10316278785467148, 0.06121133207452581, 0.014244500398482908, 0.10316278785467148, 0.0811890012876895, 0.0, 0.0, 0.10033273908464, 0.06851792993053872, 0.01046662305062867, 0.10316278785467148, 0.07576344849825922, 0.07310441742738129, -0.017803644327529806, 0.049782529448386965, 0.06799106161995513, -0.003098181700752452, 0.04300238223762711, 0.04444502328745592, -0.001511375683443942, 0.05534952652480143, 0.04683676286247489, 0.10316278785467148, 0.08725990953913, 0.10316278785467148, 0.07150025168962931, 0.0, 0.10316278785467148, 0.0, 0.08433594964928268, 0.10316278785467148, 0.0, -0.003681581577535511, 0.006744733470040814, 0.001910259576509465, -0.005263054746284429, 0.08267820591027707, 0.10316278785467148, -0.029798391243358657, 0.07992106259777847, 0.07445807455000421, 0.0, -0.011681830647214661, -0.022358538145368163, -0.0015408378624119123, -0.01202230252678035, 0.11113864565960441, 0.0, 0.10316278785467148, -0.01028715947257159, -0.021711793401966512, -0.0271098647489352, -0.006270788633628581, 0.0, 0.01563554086744317, -0.000849143169717675, 0.10316278785467148, 0.0782899229640522, 0.0009094911089785743, -0.03712671898915262, 0.09307781445038946, 0.026558903278935453, 0.010765717520515207, 0.0, -0.0015273134244090927, 0.0, -0.009378087801137447, 0.0, 0.017637862531116683, -0.014556535816275681, 0.0075757975963203945, 0.00197094370626289, 0.009957600679817448, 0.01214479735815449]
["osm-6", "ABpraa-", 0.6769207857285844, 0.03233569709656253, 0.06057301043000532, 0.08519279587751591, 0.10316278785467148, 0.056953918782582866, 0.10316278785467148, 0.0679499772338875, 0.0557325576823976, 0.06566181002614191, 0.058221094871277336, 0.04994060370770769, 0.10316278785467148, 0.06634024911208901, 0.06456267594428573, 0.10316278785467148, 0.07356096241892733, 0.0, 0.012342405607410178, -0.015159872575257725, 0.05300926620536813, 0.09541301681640846, 0.07467677673573034, 0.060622436396330616, 0.07101835462823992, 0.06926020639137632, 0.10293933097195515, 0.09088956746199865, 0.054054580310805664, 0.10316278785467148, 0.10316278785467148, 0.05309119599775771, 0.07027542778944483, 0.04618529364200656, 0.08483464984018102, 0.03366468385771115, 0.08106386460500598, 0.05298766497726954, 0.10316278785467148, 0.07378728922208756, 0.10316278785467148, 0.042712283753062075, 0.08638680186085307, 0.04666590387148195, 0.10316278785467148, -0.04079221477401595, 0.06031638501707174, 0.10316278785467148, 0.044334134442502865, 0.08395817198844154, -0.022270241886772568, 0.05990133934413107, 0.051055878222411956, 0.09011593891248845, 0.0, 0.02656554234351392, 0.05971494102611485, -0.004827407896445683, 0.09481816502263714, -0.03516445585013911, 0.06799078337220284, 0.07965088791364963, 0.10316278785467148, 0.07669061724539829, 0.004131516599623289, -0.0026833292424911785, 0.052428167843214184, -0.034246484432281156, 0.0712164958855583, 0.10316278785467148, -0.006632974803490601, 0.10656854204210021, -0.025334006747236227, 0.05977262952289153, 0.056658268628753124, -0.024145583145890968, -0.03729314810988152, 0.0510905397139775, 0.07670537898164773, 0.10316278785467148, -0.024511118822412588, -0.006209106269454353, 0.10316278785467148, 0.09345492178894714, -0.03268028200907442, 0.007748721274967134, -0.021997265164383415, 0.0675875642200151, 0.0, -0.02509542320577261, 0.05006777250328372, 0.0, -0.0009466484792287466, 0.014846031329714045, 0.0485512399925428, 0.05350335097790109, -0.04519287971062388, 0.00011756897337162264, -0.03310712040158839, 0.07229904719437426, -0.025627231705737916, 0.06297405343023793, 0.10316278785467148, -0.029069668304851772, 0.0, 0.03542789425427162, 0.0, 0.0, 0.0, 0.09806948440103826, 0.10316278785467148, 0.10316278785467148, 0.032483522952667106, -0.015003183609298842, 0.10316278785467148, -0.026221889142275186, -0.00042962057971104904, 0.10316278785467148, 0.06162155934194998, -0.02979978206724421, 0.0, 0.010344075530597952, 0.0, 0.10316278785467148, 0.045632538870369894, 0.00592175288256322, 0.0, 0.0, 0.0, 0.08243985263374491, 0.057199487767312186, 0.09999446229534602, -0.025270641715033827, 0.05915796083891325, 0.0706614746906482, 0.10316278785467148, 0.08982766104381017, 0.07257359101699888, 0.062055522661156666, 0.0, 0.06695124160997408, -0.016761814972195473, 0.10316278785467148, 0.01909037654680053, -0.02645740885860664, 0.06185931008721076, -0.03461316602447162, 0.07193738185049836, -0.004744118653062867, 0.0, 0.0006449527530950477, 0.07874460826648486, 0.10316278785467148, 0.10316278785467148, 0.0, 0.0, 0.007178861931500013, -0.006861525155933439, -0.009555577445139305, 0.082906448733691, 0.004397808315136759, 0.10316278785467148, 0.0, 0.0, 0.048058509876956756, 0.06755406410591333, 0.10316278785467148, 0.07551526138093671, 0.044872838142868084, -0.004148275582286404, 0.10316278785467148, 0.06831882935755211, 0.013489238298399476, -0.01830865996169401, 0.10316278785467148, 0.01640080580951484, 0.0, -0.008438681946972261, 0.012963344767577994, 0.06347167992260626, -0.001983178387377959, 0.10316278785467148, 0.03953340655358956, 0.10316278785467148, -0.00711932495815576, 0.10316278785467148, 0.06448249621897734, 0.0, 0.06218979571344072, 0.10316278785467148, 0.0, 0.029476720982312497, -0.008147809526433309, 0.10316278785467148, 0.0969622527256809, 0.10316278785467148, 0.0749281961008997, 0.008303025758738229, 0.05252635984689929, -0.01673061362919666, 0.07639912513834256, 0.06252347793723403, 0.0, -0.02226420925310814, 0.005506078377190484, -0.0013381622744610706, -0.0017798194663738822, 0.06620524902690794, 0.06432139400633513, -0.037617820031656174, 0.03984142683892409, 0.07506267991222705, 0.0, -0.016249341890581907, 0.0, -0.04692598264138968, -0.016726548974268847, 0.0, 0.0, 0.10316278785467148, -0.0031197910520427666, -0.03217531157880286, 0.0, -0.031822745817721224, 0.0, -0.05537196679541489, 0.0, 0.08667131840674801, 0.10316278785467148, -0.02153289436363408, -0.0865718336370288, 0.060435481201678, -0.012914455793471986, 0.004794624048561462, 0.0, 0.0, 0.0, -0.024092611437140293, 0.0, -0.017515965947659817, -0.026664272061455666, -0.05015963983002513, 0.008590144964520628, -0.0013445379504196766, -0.03892153707376473]
["osm-6", "ABprpap-", 0.6769207857285844, -0.014478639005777078, 0.020671023357183405, 0.05350568427538399, 0.10316278785467148, 0.0013627912005820285, 0.05853056813046876, 0.04671314526286577, 0.10316278785467148, 0.0761334272829246, 0.04940716009220604, 0.02396858214558272, 0.10316278785467148, 0.06944410602796336, 0.10316278785467148, 0.10316278785467148, 0.10316278785467148, 0.0, 0.0, -0.02802257205204623, 0.03355072548726431, 0.10316278785467148, 0.10316278785467148, 0.10316278785467148, 0.10316278785467148, 0.10316278785467148, 0.06047490951155019, 0.04777605860244384, 0.05226107523545477, 0.10316278785467148, 0.10316278785467148, 0.06144684137577106, 0.10316278785467148, 0.08359003174811877, 0.10316278785467148, 0.036560227517110494, 0.04418428002771793, 0.07670184399499579, 0.10316278785467148, 0.10316278785467148, 0.10316278785467148, 0.01711825651833385, 0.07038364889127637, 0.06347461163680329, 0.10316278785467148, -0.0597020527033695, 0.10316278785467148, 0.10316278785467148, 0.063194530168896, 0.06815951256585749, -0.036352805328622395, 0.0864664338040187, 0.048866094007910935, 0.10316278785467148, 0.0, 0.02360280792332226, 0.10316278785467148, -0.010578752353870291, 0.051927185916961195, -0.004173361390368516, 0.10316278785467148, 0.10316278785467148, 0.10316278785467148, 0.10316278785467148, 0.0, -0.021808333872569974, 0.03744605595447384, -0.05650035716477875, 0.10316278785467148, 0.10316278785467148, 0.0, 0.10316278785467148, -0.036883431980826886, 0.10316278785467148, 0.10316278785467148, -0.03225473844873414, -0.03444560002966166, 0.10316278785467148, 0.10316278785467148, 0.10316278785467148, -0.06490935291473925, -0.0032404445804597093, 0.10316278785467148, 0.10316278785467148, 0.0, -0.04111777973670174, -0.05555753106521719, 0.060901729293428374, 0.0, 0.0, 0.035587187147490755, 0.0, 0.0, 0.0, 0.10316278785467148, 0.10316278785467148, -0.05995813355567571, 0.0035363004494051433, -0.015523823782718058, 0.05318092879516275, 0.0, 0.06647510753750727, 0.10316278785467148, 0.0, 0.0, -0.01450727535790616, 0.0, -0.026684981512918777, 0.0, 0.012284767972894121, 0.10316278785467148, 0.06759972504658275, 0.020391245783933, -0.010180199589717852, 0.10316278785467148, 0.0, 0.0, 0.10316278785467148, 0.10316278785467148, -0.06455151843346288, 0.0, -0.0195710073616037, 0.0, 0.10316278785467148, -0.0112241023107681, 0.0, 0.0, 0.0, 0.0, 0.04521122960159154, 0.07759858668979812, 0.10316278785467148, -0.04730443571716444, 0.10316278785467148, 0.05499674006090717, 0.10316278785467148, 0.0596162137910382, 0.10316278785467148, 0.07676415960869222, 0.0, 0.07944994088572409, 0.0, 0.10316278785467148, 0.00531490461491414, 0.0, 0.035665132373441086, -0.006680942021881209, 0.048875929850912436, -0.014952908189193514, 0.0, -0.007786068986223294, 0.07361755723932112, 0.062392059771788466, 0.10316278785467148, 0.0, 0.0, -0.02944667308211683, -0.044597354136031366, 0.0, 0.10316278785467148, -0.04838436755881679, 0.10316278785467148, 0.0, 0.0, 0.07189972744227648, 0.05601529642140856, 0.10316278785467148, 0.0585995936641294, 0.00783482741666769, 0.005310630252916352, 0.10316278785467148, 0.10316278785467148, 0.023993008682241978, -0.014503951093382273, 0.10316278785467148, 0.013165122668925828, 0.0, 0.0, -0.02386393708681861, 0.023146365245054475, -0.056496538168525005, 0.10316278785467148, 0.06390282447283696, 0.10316278785467148, -0.007206581878068516, 0.0696558988649195, 0.06672881949286613, 0.0, 0.03907384057098749, 0.10316278785467148, -0.010729604814495794, 0.04570170791792883, -0.02818810415619641, 0.10316278785467148, 0.10316278785467148, 0.10316278785467148, 0.06185122567552471, 0.0, 0.10316278785467148, 0.0, 0.10316278785467148, 0.10316278785467148, 0.0, 0.0032132990546945737, 0.0, -0.027536586577816366, -0.02702936055730702, 0.035474897049733084, 0.10316278785467148, -0.08558783526371797, 0.03615746604973905, 0.026335299300337716, 0.0, 0.0, 0.0, -0.05582026679522035, 0.0021726640787034634, 0.0, 0.0, 0.10316278785467148, -0.02760291249597698, -0.02098016272040576, -0.01732744086486774, 0.003857278447078091, 0.0, -0.07524531934312109, 0.0, 0.07929857050361601, 0.10316278785467148, -0.00931530802007863, -0.06515582283857216, -0.0018529355321693444, -0.01608958643597898, -0.0006511122917268362, 0.0, 0.0, 0.0, -0.019194944359774684, 0.0, -0.03029882652845121, -0.11380123461005243, -0.11042557227697222, 0.0, -0.03958002262474724, -0.0048014687837045385]
["osm-6", "ABprpaa-", 0.6769207857285844, 0.023353467336539913, 0.06890302524669578, 0.07254281511483682, 0.10316278785467148, 0.04516236581446426, 0.10316278785467148, 0.0025229040128210665, 0.09905415849801287, 0.05283942708229538, 0.07730307371219153, 0.03851559690366221, 0.10316278785467148, 0.03833134098418716, 0.07430893463781181, 0.10316278785467148, 0.10316278785467148, 0.0, 0.0, -0.011198344150114866, 0.05242873147750725, 0.08548615086627487, 0.10316278785467148, 0.10316278785467148, 0.06372369822010834, 0.07397962288713623, 0.09780299371932367, 0.03502580971154382, 0.046883834837480515, 0.10316278785467148, 0.10316278785467148, 0.09423213490350632, 0.03884069187203638, 0.00012165070202269448, 0.10316278785467148, 0.019135186234267663, 0.08910217800007506, 0.06925486270322151, 0.10316278785467148, 0.10316278785467148, 0.07894429723372781, 0.04333622945554101, 0.0492134848858921, 0.04711208207280047, 0.10316278785467148, -0.03772814513295846, 0.10316278785467148, 0.07590059983813034, 0.04992400964019773, 0.08910353456571798, -0.010072362614035825, 0.04372769717041593, 0.10316278785467148, 0.07875138178770445, 0.0, 0.04966979960563904, 0.10316278785467148, -0.02295864189497316, 0.0597091360792515, 0.004906877256336828, 0.07068270294354839, 0.09144731026991822, 0.10316278785467148, 0.10316278785467148, 0.0, 0.03042188537125265, 0.08732426149053801, -0.05095811281457558, 0.10316278785467148, 0.06690011603514417, 0.0, 0.10316278785467148, -0.06120761579951359, 0.061897858559259104, 0.06862294631672011, -0.022113343689162467, 0.03994995061703528, 0.03631239061972675, 0.10316278785467148, 0.10316278785467148, -0.0515413566631962, -0.022930290674044396, 0.10316278785467148, 0.0749130720139391, 0.0, 0.02569576662710318, -0.0355372669160753, 0.05661666479220284, 0.0, -0.032887289674925976, 0.04270905081317878, 0.0, -0.007961533171444742, 0.0, 0.10316278785467148, 0.0743445941236632, -0.07019251501378242, -0.012349267924222074, -0.016459144396999147, 0.047878495560628856, -0.022471672293647854, 0.05996881402366437, 0.10316278785467148, 0.0, 0.0, 0.033029557671884764, 0.0, -0.0290740917330941, 0.0, 0.11656501934593162, 0.10316278785467148, 0.029841943491372872, 0.04944376192868026, 0.0, 0.10316278785467148, 0.0, 0.004560834016168144, 0.10316278785467148, 0.10316278785467148, -0.03241682499068788, 0.0, -0.03193407227757968, 0.0, 0.10316278785467148, 0.014549059855384796, 0.0, 0.0, 0.0, 0.0, 0.0383139972118283, 0.07587544838326217, 0.11625819670535525, -0.02292150658254692, 0.10316278785467148, 0.07967772795065199, 0.15755628068648375, 0.07474873377623317, 0.10316278785467148, 0.07788482004366151, 0.0, 0.07618147911978816, -0.004095251034764764, 0.10316278785467148, -0.014016651056339898, -0.0262708567843013, 0.05574400593285202, -0.019569434042457496, 0.0787899477459444, -0.012566661141238361, 0.0, 0.0, 0.13937133225179213, 0.10316278785467148, 0.029841943491372872, 0.0, 0.0, -0.05128568927179111, -0.0016209776864699198, -0.028370143984094837, 0.10316278785467148, -0.01580368328911965, 0.10316278785467148, 0.0, -0.0422498186314542, 0.0612743643929707, 0.06780542388155623, 0.10316278785467148, 0.03363958816027663, 0.015678644548909604, 0.0, 0.10316278785467148, 0.0727062350360955, 0.005901539388563298, -0.0034706155522949327, 0.06559740594359939, 0.0019149758667344303, 0.0, 0.0, 0.03872066576728446, 0.05721886213422012, -0.046368559519992386, 0.10316278785467148, 0.04402645802890882, 0.10316278785467148, -0.02801945022207309, 0.06958897452851738, 0.06054653389072215, 0.0, 0.05608681708588625, 0.10316278785467148, 0.0, 0.0561941896479097, 0.047486529799058, 0.10316278785467148, 0.10316278785467148, 0.07551218319667487, 0.08429753551904645, 0.0, 0.07643003777310249, 0.0, 0.044524636905395924, 0.10316278785467148, 0.0, -0.021261500818991155, -0.03619504400537866, -0.04528722458884173, -0.010752688420929262, 0.05993120114121044, 0.10316278785467148, -0.05867062856076359, 0.056105926754904806, 0.05681786656609679, 0.0, -0.045944124234992466, 0.0, -0.02010098484392903, -0.00811588517677528, 0.03129275417831422, 0.0, 0.10316278785467148, -0.020917231951146077, -0.0169244650236685, 0.0, -0.01827263700894546, 0.0, -0.0639218054139701, -0.01805138821677973, 0.05949209575460327, 0.10316278785467148, -0.027664272994868712, -0.09713115046934533, 0.044077483905203683, -0.03238706772680281, 0.03166868260361168, 0.0, 0.0, 0.0, -0.0032987878818256326, 0.0, -0.048633121932169315, -0.09982446728290545, -0.09912945542218046, 0.0, -0.003029206384890998, -0.021557196140665466]
["osm-6", "ABprappa-", 0.6769207857285844, 0.07439810406277356, -0.0025404465627138764, 0.048038679900109085, 0.10316278785467148, 0.037574216381395936, 0.041551181042581514, 0.08007029250771833, 0.10316278785467148, 0.04223777718805034, 0.04562344307354652, 0.10316278785467148, 0.10316278785467148, 0.035115860523913196, 0.10316278785467148, 0.10316278785467148, 0.10316278785467148, 0.0, 0.0, -0.03804886734003233, 0.04658902129436266, 0.10316278785467148, 0.10316278785467148, 0.10316278785467148, 0.05006662858865493, 0.026099526633408802, 0.03930603179419496, 0.017849993413481216, 0.043462209857694195, 0.10316278785467148, 0.10316278785467148, 0.0573995355995936, 0.0005575018448012945, 0.10316278785467148, 0.10316278785467148, 0.02945155546106044, 0.10316278785467148, 0.08244607528123613, 0.10316278785467148, 0.10316278785467148, 0.0555566621806108, 0.004637594166920123, 0.059137234843154106, 0.049027332128079824, 0.10316278785467148, -0.08514524163877772, 0.10316278785467148, 0.06487602934451005, 0.02883676555825596, 0.03442799307007254, -0.05586579961771326, 0.046120163803078935, 0.06598480701648816, 0.10316278785467148, 0.0, 0.003813096633125809, 0.10316278785467148, -0.0022599646198611283, 0.037663344670009764, 0.0, 0.0069794581860779924, 0.10316278785467148, 0.10316278785467148, 0.059588743775058926, -0.0022762185666549053, -0.07458753536888192, 0.049561617041381865, -0.06687220495400481, 0.10316278785467148, 0.10316278785467148, 0.0, 0.10316278785467148, -0.07852622169921973, 0.04670603143436041, 0.10316278785467148, -0.07456474615308517, -0.04489329032076117, 0.024825375741926576, 0.10316278785467148, 0.10316278785467148, -0.07937043209040114, -0.05970057795863075, 0.10316278785467148, 0.10316278785467148, -0.04703455062952913, 0.0004146797712232715, -0.041790384052110933, 0.009391144744643042, 0.0, -0.021326743835205768, -0.005185206067565333, -0.005992372306399926, 0.0, 0.0, 0.027051404519659053, 0.060903833792613694, -0.05835541761348592, -0.04598688535621386, -0.012415153890606323, 0.02834818166838037, -0.07086290965809999, 0.07292116589482651, 0.10316278785467148, 0.0, 0.0, 0.007007908855753253, 0.0, -0.01986442468401127, -0.021864063728881875, 0.019107032899499242, 0.10316278785467148, 0.05006662858865493, -0.007024007049677001, -0.021326743835205768, 0.10316278785467148, -0.055694992194335706, 0.0, 0.10316278785467148, 0.10316278785467148, -0.01099200273654024, 0.0, 0.0, 0.0, 0.10316278785467148, 0.02419105199809786, -0.019622383209191, 0.0, 0.0, 0.0, 0.10316278785467148, 0.10316278785467148, 0.10316278785467148, -0.021028209089324842, 0.10316278785467148, 0.10316278785467148, 0.10316278785467148, 0.06307667927694023, 0.10316278785467148, 0.05979381839093332, 0.0, 0.07269074770411586, -0.012129870424298965, 0.10316278785467148, -0.04323806958559801, -0.015919782633768025, 0.022788269018507747, -0.06164474030271103, 0.04652695882280444, -0.008357646430650192, -0.043104316245776056, 0.0, -0.009873943557709538, 0.10316278785467148, 0.10316278785467148, 0.0, 0.0, 0.0, -0.02952598458867368, -0.053293431961797526, 0.10316278785467148, 0.15509620699927562, 0.10316278785467148, 0.0, 0.0, 0.02697584986215642, 0.03070387051496938, 0.10316278785467148, 0.01945625214546574, 0.014306758752125733, 0.0, 0.10316278785467148, 0.10316278785467148, 0.053958391271856115, -0.02858255051408867, 0.10316278785467148, 0.0026556916572403246, 0.0, 0.0, 0.018536806622900633, 0.05612823719649389, -0.01986527190240005, 0.10316278785467148, 0.0008586524586498823, 0.046120163803078935, -0.025246405119504673, 0.10316278785467148, 0.04545017906899679, 0.0, 0.023830592219230656, 0.10316278785467148, -0.05811303451000241, 0.030621791840615503, -0.0022599646198611283, 0.10316278785467148, 0.10316278785467148, 0.10316278785467148, 0.02111381683769428, -0.02309249533489665, 0.04235525700630028, 0.0, 0.10316278785467148, 0.10316278785467148, 0.0, 0.0, 0.0, -0.031484252047884395, 0.04539810113606793, -0.001422215976412311, 0.10316278785467148, -0.08475443415497315, 0.004010570328785552, 0.009506860125442109, 0.0, 0.0, 0.0, -0.06343348529199136, 0.0041583941306054225, 0.0, 0.0, 0.10316278785467148, -0.061129379285961905, 0.0, 0.0, 0.0, 0.0, -0.07929273628512087, 0.0, 0.10316278785467148, 0.10316278785467148, -0.006522353600649177, -0.0816292672655283, 0.001468098858010037, 0.018399814271356122, -0.028017403162781684, 0.0, 0.0, 0.0, -0.03815260632471416, 0.0, -0.06948279327875968, -0.05332705261865521, -0.07757568138221245, 0.0, -0.04386123895614326, -0.07927272348770395]
["osm-6", "ABprapa-", 0.6769207857285844, 0.03134097277956014, 0.052783132339745825, 0.08701828683664224, 0.10316278785467148, 0.027117916144717796, 0.05542432896830036, 0.06527176214969908, 0.055412609689884304, 0.053100742224619926, 0.06722485802356426, 0.039567488837985526, 0.10316278785467148, 0.05326526044860348, 0.10316278785467148, 0.10316278785467148, 0.10316278785467148, 0.0, -0.03130138767716982, -0.049390493251267764, 0.05488951015483537, 0.08741438685492488, 0.0721923223278842, 0.10316278785467148, 0.04833128189513562, -0.0005278212674050261, 0.03948949285312659, 0.021250468055241983, 0.06733088423147074, 0.10316278785467148, 0.10316278785467148, 0.0675184992739052, 0.06775906283379869, 0.031028559923802816, 0.0565096514771163, 0.03365039906425509, 0.0735340327872162, 0.07339888780554257, 0.10316278785467148, 0.10316278785467148, 0.05238966511524839, 0.0007747822548792094, 0.05535803855154959, 0.05357186639589249, 0.055840568710069795, -0.0852525098244303, 0.10316278785467148, 0.10316278785467148, 0.041395042491157566, -0.005813395095365591, -0.037440763729085835, 0.07330565483187851, 0.0943032581580421, 0.10316278785467148, 0.0, 0.037414773785496444, 0.09116755528908692, -0.019625918015634524, 0.06032281696199315, 0.027802814686377356, 0.05599304682395494, 0.08071410932698105, 0.10316278785467148, 0.0839329123797487, -0.012497730451043652, -0.0674829102815895, 0.025543227014121136, -0.06075211969935717, 0.10316278785467148, 0.0679394597678365, 0.0037464104081448815, 0.06191174284529477, -0.06829995208060072, 0.06736480950511323, 0.10316278785467148, -0.023843307830480984, 0.02492284420934055, 0.021373279464799864, 0.04606560119066076, 0.06656685817744201, -0.0506761667616411, -0.02078381638663301, 0.11649777493519584, 0.06113169331069092, -0.02598423514045735, -0.03132719586838991, -0.05077312271513539, 0.07141350402277699, 0.0, -0.021990269237466314, 0.05125408847900611, -0.02086575295676003, -0.026919811081989486, 0.0, 0.03456254802800779, 0.08643585237253966, -0.0667506201811124, -0.014811493716532276, -0.01395565854765083, 0.034088511910235146, -0.029698323718625227, 0.031669591283198455, 0.10316278785467148, 0.0, 0.0, 0.025907320588274895, 0.0, 0.028008112520197186, 0.0, 0.05019123966734835, 0.07303931331451083, 0.08700192155514813, 0.03790155355977346, 0.0, 0.06860419406512656, -0.0448512507903757, -0.042004787152184385, 0.10316278785467148, 0.07468449878262737, -0.039176161129542045, 0.0, 0.010543642959356215, 0.0, 0.10316278785467148, 0.07602211343505229, -0.013488206566974486, -0.011138690969029207, 0.0, 0.0, 0.08636853999377068, 0.05344334754035467, 0.1354669199597263, -0.023332248034942788, 0.10316278785467148, 0.07267432143643351, 0.10316278785467148, 0.020032627741947407, 0.13122931677691063, 0.0608455343293137, 0.0, 0.039741469736429225, 0.007178022825084117, 0.10316278785467148, -0.027679125365168297, -0.02237756668086219, -0.0023728394012300013, -0.061988750315029734, 0.06937830657666662, -0.062100673452566583, -0.019249680457128118, -0.038516114786661025, 0.00957171372970086, 0.10316278785467148, 0.08208590631304895, 0.0, 0.0, -3.413590577679398e-05, 0.05472093141992723, -0.05176624152695824, 0.10316278785467148, 0.0023093573151619484, 0.10316278785467148, 0.0, -0.031572612458161946, 0.06829555907982393, 0.030704842908990986, 0.10316278785467148, 0.04752570789097596, 0.012418704917354854, -0.035075411610795436, 0.10316278785467148, 0.10316278785467148, 0.04170074675934404, -0.016726935473364915, 0.10316278785467148, 0.0696244385874538, 0.0, 0.0, -0.016563002839444323, 0.0298373308111455, -0.03631547442428099, 0.10316278785467148, 0.057709647123791424, 0.10316278785467148, -0.052002492964276954, 0.10316278785467148, 0.05585150347237613, -0.021181999439919538, 0.021825625408792612, 0.10316278785467148, -0.03130138767716982, -0.017196127796138907, 0.0376549625633612, 0.10316278785467148, 0.10316278785467148, 0.10316278785467148, 0.044146073099653634, 0.01568370064646685, 0.04375606151154131, 0.0, 0.10316278785467148, 0.10316278785467148, 0.0, -0.005926309551017474, -0.029205966706678504, -0.0343953962927446, -0.01105611254039641, 0.020215779463578956, 0.03535095548321241, -0.03271049659246468, 0.033908001474215514, 0.034032067967912305, -0.03493855156344046, 0.026460718667494672, 0.0, -0.06092742233316081, -0.04279081395558639, 0.046266016195431414, 0.0, 0.10316278785467148, -0.038378282966597066, 0.0, -0.010207968698522779, 0.0, 0.0, -0.0796192144401182, -0.0022062675052800193, 0.06549998755722539, 0.10316278785467148, 0.0036637301729190216, -0.05081103688768307, 0.06790140993199296, -0.007142837724413566, -0.027210334602670208, -0.03549050777526856, -0.021908379990549853, 0.0, 0.012191970661847538, 0.0, -0.02663646715755881, -0.0018422130418732545, -0.09118074465535045, -0.013817981079066843, -0.05496773041719052, -0.023054537865563985]
["osm-6", "ABprpa", 0.6769207857285844, -0.014478639005777078, 0.04490348965635915, 0.0631881396094812, 0.103431055077995, 0.02332307112771435, 0.08105691381762896, 0.024682041995755535, 0.10137139830581529, 0.06465411938172644, 0.06351986721234582, 0.031323332274861074, 0.103431055077995, 0.05402785455775415, 0.08896661231065922, 0.103431055077995, 0.103431055077995, 0.0, 0.0, -0.01966145365143627, 0.04310152010154644, 0.09456975318822747, 0.103431055077995, 0.103431055077995, 0.08366023103839551, 0.08880152825985818, 0.07934474662396768, 0.04150859423365774, 0.04970136455066861, 0.103431055077995, 0.103431055077995, 0.07804190398921385, 0.07118637465270368, 0.04196468425402356, 0.103431055077995, 0.027920122784126842, 0.06681652981714792, 0.07316812817608664, 0.103431055077995, 0.103431055077995, 0.09129032056794317, 0.030305846703582377, 0.05995406865265565, 0.05543713312635842, 0.103431055077995, -0.04884177894099466, 0.103431055077995, 0.08976451441481614, 0.05670634811565408, 0.07883599904508952, -0.023272946584415186, 0.06526634560622074, 0.07621211088016709, 0.09119361201373491, 0.0, 0.036731573771118894, 0.103431055077995, -0.016812302884888948, 0.05596331201014648, -0.004173361390368516, 0.08714878158945336, 0.09755808366779692, 0.103431055077995, 0.103431055077995, 0.0, -0.021808333872569974, 0.06254738672792451, -0.05386895390365497, 0.103431055077995, 0.08525256996607417, 0.0, 0.103431055077995, -0.049173063158777425, 0.08274493722726411, 0.0861162251534211, -0.02725473116338965, -0.03444560002966166, 0.06991893669605506, 0.103431055077995, 0.103431055077995, -0.0583767655309716, -0.013119395160944488, 0.103431055077995, 0.08926946650607377, 0.0, -0.04111777973670174, -0.045665841643379154, 0.05891199600223886, 0.0, 0.0, 0.03924992077723839, 0.0, 0.0, 0.0, 0.103431055077995, 0.08898448841851675, -0.06524454786733848, 0.0035363004494051433, -0.016033068765135623, 0.0506611109687117, 0.0, 0.0633863648280566, 0.103431055077995, 0.0, 0.0, -0.01450727535790616, 0.0, -0.027952035302355203, 0.0, 0.06459242584513929, 0.103431055077995, 0.048847529206165405, 0.035008304250515786, -0.010180199589717852, 0.103431055077995, 0.0, 0.0, 0.103431055077995, 0.103431055077995, -0.048610251225733564, 0.0, -0.02581950740058284, 0.0, 0.103431055077995, -0.0112241023107681, 0.0, 0.0, 0.0, 0.0, 0.04187121400359505, 0.07693656649259029, 0.10999578632591368, -0.035204279842349334, 0.103431055077995, 0.0675123395178414, 0.13069852462766046, 0.06735717685315074, 0.103431055077995, 0.07752556646061019, 0.0, 0.07801806401903955, 0.0, 0.103431055077995, 0.00531490461491414, 0.0, 0.045823420515298426, -0.0131593191158887, 0.06399893164918541, -0.013795565970688869, 0.0, -0.007786068986223294, 0.10677137569697212, 0.08299268040043593, 0.06667530017154193, 0.0, 0.0, -0.040471150454788635, -0.023169259593296798, 0.0, 0.103431055077995, -0.032177483570697364, 0.103431055077995, 0.0, 0.0, 0.0667602006208757, 0.062071353478225316, 0.103431055077995, 0.046239521507838555, 0.011787308507853533, 0.005310630252916352, 0.103431055077995, 0.08816317865872979, 0.014986143319425691, -0.009010654090461093, 0.08459952111953153, 0.007559656610001347, 0.0, 0.0, -0.02386393708681861, 0.04028710561375616, -0.051566295395256694, 0.103431055077995, 0.05410497232147575, 0.103431055077995, -0.017658817399650084, 0.0698034847098834, 0.06380316177784007, 0.0, 0.04770405796531912, 0.103431055077995, -0.010729604814495794, 0.05108043516718873, -0.02818810415619641, 0.103431055077995, 0.103431055077995, 0.08956980106966991, 0.0732644051360421, 0.0, 0.09002992176445868, 0.0, 0.07403573750936618, 0.103431055077995, 0.0, 0.0032132990546945737, 0.0, -0.03650659205904274, -0.018940149205411885, 0.04782709735735991, 0.103431055077995, -0.0723167986615304, 0.046251658477391946, 0.04168469977157264, 0.0, 0.0, 0.0, -0.038059339628071086, 0.0021726640787034634, 0.0, 0.0, 0.103431055077995, -0.024323158752613178, -0.01900159796685211, -0.01732744086486774, 0.003857278447078091, 0.0, -0.06976450930191247, 0.0, 0.06957579057619204, 0.103431055077995, -0.018537871844382298, -0.08135449430805697, -0.0018529355321693444, -0.024301357063803666, -0.0006511122917268362, 0.0, 0.0, 0.0, -0.011276112766883133, 0.0, -0.039568602586355056, -0.10709060988974292, -0.10504998004879117, 0.0, -0.021360015583987677, -0.013213604344502382]
["osm-6", "ABprap", 0.6769207857285844, 0.06288057940874672, -0.0025404465627138764, 0.0803152493402015, 0.12269704006203792, 0.03847091253212876, 0.057669089234015564, 0.08643155285858496, 0.09430111530519723, 0.056695608848370604, 0.06710827037822306, 0.08487838900832728, 0.12269704006203792, 0.052558205173599576, 0.12269704006203792, 0.12269704006203792, 0.12269704006203792, 0.0, 0.0, -0.051998162092048925, 0.06034693176477204, 0.11333183082059609, 0.1042796216861729, 0.12269704006203792, 0.0585149578434147, 0.026099526633408802, 0.04685787310236943, 0.023252138620131604, 0.06588608638226054, 0.12269704006203792, 0.12269704006203792, 0.07428586144325822, 0.04062627836831679, 0.07980048579895349, 0.09495350064160048, 0.03752527051368813, 0.10507750581379179, 0.09267738918738141, 0.12269704006203792, 0.12269704006203792, 0.06419318011950245, 0.0032186148729901293, 0.06808768664925045, 0.0610133665123648, 0.09455561262024934, -0.10133159529972745, 0.12269704006203792, 0.09992879174082833, 0.04176522923172456, 0.03442799307007254, -0.05548725164902023, 0.07101976768084944, 0.09531959906847029, 0.12269704006203792, 0.0, 0.024517259438317607, 0.11556375314114581, -0.013015027387120341, 0.05827010033997821, 0.0, 0.03744828988582347, 0.10934733099576088, 0.12269704006203792, 0.08534900404108772, -0.008785725222222079, -0.08448600277342216, 0.044663110854045604, -0.07589522928046288, 0.12269704006203792, 0.10175054284505236, 0.0, 0.09816599923146953, -0.08731412411904202, 0.06783528650067966, 0.12269704006203792, -0.058520989947743296, -0.04489329032076117, 0.027473269996819445, 0.08874266588686122, 0.10093428847742564, -0.07733569963114494, -0.04786220478677434, 0.130627047955731, 0.09770212184414798, -0.04342258031802356, 0.0004146797712232715, -0.0550453731150755, 0.04805265267250183, 0.0, -0.025759624176852815, -0.005185206067565333, -0.015971904889035746, 0.0, 0.0, 0.03664039020916811, 0.08761949803838735, -0.07439766242509298, -0.03615538755750048, -0.01568211124132978, 0.03712965524035939, -0.059801435851528695, 0.062197700306767634, 0.12269704006203792, 0.0, 0.0, 0.01957392442434956, 0.0, -0.01986442468401127, -0.021864063728881875, 0.0412100773068605, 0.10478330760422269, 0.08151149139131228, -0.007024007049677001, -0.021326743835205768, 0.10214584493217754, -0.05979252141267087, 0.0, 0.12269704006203792, 0.10576166128915482, -0.029833844837476663, 0.0, 0.0, 0.0, 0.12269704006203792, 0.05959444790895145, -0.019690100688084092, 0.0, 0.0, 0.0, 0.11270988992073128, 0.0931300407255054, 0.14190755905580024, -0.026380136181537443, 0.12269704006203792, 0.1045662553898629, 0.12269704006203792, 0.04942317954410975, 0.13938755461281538, 0.07174142828820515, 0.0, 0.0668608350668067, -0.012129870424298965, 0.12269704006203792, -0.04217281294404021, -0.022774546427276793, 0.022788269018507747, -0.07352197273257198, 0.06892617623010497, -0.041899930571832944, -0.037080477324159346, 0.0, -0.009873943557709538, 0.12269704006203792, 0.11016310688383435, 0.0, 0.0, 0.0, -0.02952598458867368, -0.062476553973675755, 0.12269704006203792, 0.09360544258402223, 0.12269704006203792, 0.0, 0.0, 0.056655699806156555, 0.03651833925694303, 0.12269704006203792, 0.0398326199055552, 0.0158930141125607, 0.0, 0.12269704006203792, 0.12269704006203792, 0.05688627331324439, -0.026944501660931014, 0.12269704006203792, 0.0429833189890911, 0.0, 0.0, 0.018536806622900633, 0.05112173178495363, -0.03340938833715238, 0.12269704006203792, 0.03482921094743773, 0.08877511300844926, -0.04593813011473808, 0.12269704006203792, 0.06024176381623369, 0.0, 0.02715069493506822, 0.12269704006203792, -0.053172685468128575, 0.030621791840615503, -0.0022599646198611283, 0.12269704006203792, 0.12269704006203792, 0.12269704006203792, 0.03880854471171785, -0.02309249533489665, 0.05120840623686228, 0.0, 0.12269704006203792, 0.12269704006203792, 0.0, 0.0, 0.0, -0.03917710067660359, 0.04539810113606793, -0.001422215976412311, 0.08237091430396813, -0.06985367308077381, 0.022549296216006664, 0.025891591898689614, 0.0, 0.0, 0.0, -0.07395455077527618, 0.0041583941306054225, 0.0, 0.0, 0.12269704006203792, -0.059174901511393665, 0.0, 0.0, 0.0, 0.0, -0.09450125568503787, 0.0, 0.10029984523509035, 0.12269704006203792, -0.006522353600649177, -0.07875918072031445, 0.04125243983848712, 0.018399814271356122, -0.03284265622352764, 0.0, 0.0, 0.0, -0.03815260632471416, 0.0, -0.057159897448207556, -0.03280788421731544, -0.10035553709262994, 0.0, -0.05877129857896117, -0.06085165177674096]
["osm-6", "ABprp", 0.6769207857285844, -0.014478639005777078, 0.048874877796529756, 0.05423538154403638, 0.0806230244014084, 0.031427279539213385, 0.060459091062338974, 0.03886994672563363, 0.10394556955945133, 0.04994305361940518, 0.05342705281215819, 0.057554474190442344, 0.0806230244014084, 0.04559668802283733, 0.07497829121076938, 0.0806230244014084, 0.06452797594370563, 0.0, 0.0, -0.010364799504679757, 0.04808918181627572, 0.061139661837061834, 0.07178395313467216, 0.0806230244014084, 0.060267307037867104, 0.06998542251593887, 0.04386028011349611, 0.03935446284671405, 0.04064718445314912, 0.0806230244014084, 0.0806230244014084, 0.058606981324501206, 0.055301874648139605, 0.03744771156978695, 0.07166384860296562, 0.049350168726684275, 0.08864234695637475, 0.06542977020487314, 0.0806230244014084, 0.0806230244014084, 0.0758851158521495, 0.04299768168766585, 0.056492941656518386, 0.04710838182788854, 0.0806230244014084, -0.029843791002367698, 0.0806230244014084, 0.06358690462703827, 0.04805349476398818, 0.05522126440305051, -0.023272946584415186, 0.05678469008017187, 0.05976780320416339, 0.07584737544316597, 0.0, 0.04021311739103143, 0.0764776845192275, -0.016812302884888948, 0.055131385825776605, -0.003836423419692839, 0.06990866413942678, 0.07833110364233961, 0.0806230244014084, 0.0698859989189271, 0.0, -0.029463060953038224, 0.05192702682730409, -0.05386895390365497, 0.0806230244014084, 0.06726055378552015, 0.0, 0.07321702854089046, -0.02642118788835826, 0.05941779971910796, 0.07386593069668393, -0.02725473116338965, -0.0152270217611477, 0.05493357991789946, 0.0741861856904916, 0.0806230244014084, -0.0583767655309716, -0.009834020725676785, 0.0806230244014084, 0.06803836530464316, 0.0, -0.04111777973670174, -0.045665841643379154, 0.05494353808510059, 0.0, 0.0, 0.046844575218734696, 0.0, 0.0, 0.0, 0.06609564394672875, 0.06125685194230704, -0.06524454786733848, 0.004792276671756877, -0.013258467616159852, 0.05496573168644303, 0.0, 0.04697046652178084, 0.06640873056588385, 0.0, 0.0, -0.01450727535790616, 0.0, -0.027952035302355203, 0.0, 0.04249457963888481, 0.0806230244014084, 0.05932186229604156, 0.06006333429441405, -0.005841533053398222, 0.0806230244014084, 0.0, 0.0, 0.0806230244014084, 0.0806230244014084, -0.048610251225733564, 0.0, -0.012958917418912712, 0.0, 0.0806230244014084, -0.0112241023107681, 0.0, 0.0, 0.0, 0.0, 0.05630544683831416, 0.06674962701946924, 0.07402790440027515, -0.019416542768858354, 0.07211516787030492, 0.057377206642125624, 0.07311263554179129, 0.055028894643199606, 0.0806230244014084, 0.05407665537097529, 0.0, 0.06327014298891755, 0.0, 0.0806230244014084, 0.003825101397512955, 0.0, 0.049085501669352036, -0.015895840992821816, 0.06523468075925826, -0.006214360756973844, 0.0, -0.0039549069085524574, 0.05901203662293139, 0.06826650594713607, 0.06627913068875319, 0.0, 0.0, -0.040471150454788635, -0.023169259593296798, 0.0, 0.06657369983563169, -0.012869225794288843, 0.07189762899817598, 0.0, 0.0, 0.045017745298057577, 0.046831510367698365, 0.0806230244014084, 0.04413099305716934, 0.03233523196423179, 0.005359598028274776, 0.0806230244014084, 0.07466475209457446, 0.029735982596608635, -0.009010654090461093, 0.0732740385831622, 0.034634068032752596, 0.0, 0.0, -0.02386393708681861, 0.042461047779351516, -0.051566295395256694, 0.0806230244014084, 0.0506810111670869, 0.0688927777588895, -0.013839187444207991, 0.046668313056608096, 0.05143255354627508, 0.0, 0.03539809046598985, 0.057708480103775626, -0.0047770294379209256, 0.04153417776991024, -0.02818810415619641, 0.0806230244014084, 0.0744169432893764, 0.07521368497345873, 0.056494251203418375, 0.0, 0.07539324657837858, 0.0, 0.06180438011623353, 0.0806230244014084, 0.0, 0.0032132990546945737, 0.0, -0.03650659205904274, -0.009445274239977517, 0.05092955385552882, 0.0806230244014084, -0.03985034273330008, 0.04923876832743258, 0.0453245924237327, 0.0, 0.0, 0.0, -0.015453926558478714, 0.0021726640787034634, 0.0, 0.0, 0.0806230244014084, -0.013506639361556536, -0.01588835707394326, -0.017341610591958195, 0.003857278447078091, 0.0, -0.06976450930191247, 0.0, 0.06741104394110686, 0.07091641570221831, -0.018537871844382298, -0.04623716571206196, -0.0018529355321693444, -0.024301357063803666, -0.0006511122917268362, 0.0, 0.0, 0.0, -0.008060279496953999, 0.0, -0.039568602586355056, -0.047472667420270225, -0.10504998004879117, 0.0, -0.021360015583987677, -0.013213604344502382]
["osm-6", "ABpra", 0.6769207857285844, 0.05668522857854669, -0.0025404465627138764, 0.09853211781739457, 0.13446142237515454, 0.056809387781952096, 0.09574824861987329, 0.09190815523131302, 0.08931973985883093, 0.07284319983669998, 0.07461249250148905, 0.08026196464857278, 0.13446142237515454, 0.07078396999114253, 0.11148156801511042, 0.13446142237515454, 0.1168385294963952, 0.0, 0.0, -0.03998127931194588, 0.06748449139758256, 0.12427233911250152, 0.10653834325871182, 0.10913582012800824, 0.07711523381806082, 0.05677063273313068, 0.08917896251600238, 0.0679521289540247, 0.07140443164652246, 0.13446142237515454, 0.13446142237515454, 0.07583154773232545, 0.06602325562429445, 0.07500327640788365, 0.10703351128423577, 0.04238160726453173, 0.11081578189549482, 0.0867189643859809, 0.13446142237515454, 0.1169732689237438, 0.0996322440530534, 0.02734410106123661, 0.09196349628585868, 0.06410483878288536, 0.11770795011586677, -0.08461075097843046, 0.10895361816604535, 0.12090677176508881, 0.051257645115631675, 0.07047898818544154, -0.046291468817576654, 0.07794143133767242, 0.08714190150110386, 0.12669422498347566, 0.0, 0.030411190205219284, 0.10434889084605542, -0.010622159987431042, 0.0911382342733092, 0.0, 0.06277117934146566, 0.11251655318847464, 0.13446142237515454, 0.09646725652933329, -0.008785725222222079, -0.05189463074714703, 0.057801476049430145, -0.06557080834274813, 0.11544279521422796, 0.12199131719730176, 0.0, 0.12188487825785838, -0.06706295689629249, 0.07596898506974051, 0.10677582702308666, -0.04921399747611959, -0.04892815828854494, 0.04677149406498424, 0.09849639773218957, 0.12150537543287478, -0.06063259766008326, -0.032190343282255056, 0.13918240419236105, 0.11380176909288209, -0.045306415088103916, 0.004859928063410962, -0.045865893116728895, 0.06884423932561075, 0.0, -0.03027560088527725, -0.005185206067565333, -0.015971904889035746, 0.0, 0.0, 0.05071724297781938, 0.08401484754235256, -0.07119599154265847, -0.03615538755750048, -0.029045756139143585, 0.06514633041989167, -0.05085835873212615, 0.0745186614366723, 0.13446142237515454, 0.0, 0.0, 0.032744303584057624, 0.0, -0.01986442468401127, -0.021864063728881875, 0.08291748093396414, 0.12379681694911096, 0.10994237661722928, -0.007024007049677001, -0.021628342516827253, 0.12222665289817869, -0.051207069865667386, 0.0, 0.13446142237515454, 0.09964846841241924, -0.03550176394340926, 0.0, 0.0, 0.0, 0.13446142237515454, 0.06264491762482376, -0.019690100688084092, 0.0, 0.0, 0.0, 0.11617874768636009, 0.08949587189796646, 0.14401184206292303, -0.030749324157447314, 0.10826397200742699, 0.10431855033062333, 0.13446142237515454, 0.08290038235259983, 0.12618710194077673, 0.0796535112067134, 0.0, 0.07966251602550731, -0.01720012429417387, 0.13446142237515454, -0.04217281294404021, -0.029309323375961684, 0.050393352337829704, -0.06437623148888928, 0.08386048353551348, -0.027768661926144227, -0.037080477324159346, 0.0, -0.009873943557709538, 0.13446142237515454, 0.12699957978614002, 0.0, 0.0, 0.0, -0.02166262306174236, -0.04288298161131904, 0.12240218990586858, 0.05834440163546747, 0.13446142237515454, 0.0, 0.0, 0.062339645375422414, 0.061957557991813246, 0.13446142237515454, 0.0686702027926, 0.036175813120324134, 0.0, 0.13446142237515454, 0.11371772366645244, 0.041896744006953035, -0.026940623017718837, 0.13446142237515454, 0.035353227533091156, 0.0, 0.0, 0.018753025715393747, 0.06822104344603663, -0.02107030235161107, 0.13446142237515454, 0.044270392893485236, 0.11426663783377163, -0.0315867630933379, 0.13446142237515454, 0.07425225443458511, 0.0, 0.05318718941343875, 0.13446142237515454, -0.053172685468128575, 0.035778525076103296, -0.006196073592981681, 0.13446142237515454, 0.13077004980739254, 0.13446142237515454, 0.06771104045832595, -0.02309249533489665, 0.061756551955402444, 0.0, 0.11852817656513132, 0.11026756963805566, 0.0, 0.0, 0.0, -0.02412000369677305, 0.04539810113606793, -0.001422215976412311, 0.0873305209201341, -0.06398114247217078, 0.03714314954704566, 0.060101236717269135, 0.0, 0.0, 0.0, -0.07196396371410596, 0.0041583941306054225, 0.0, 0.0, 0.13446142237515454, -0.03708597959080859, 0.0, 0.0, 0.0, 0.0, -0.08922421865167277, 0.0, 0.11130978376416023, 0.13446142237515454, -0.01670216691990184, -0.0984267258071829, 0.060538001058228263, 0.018399814271356122, -0.03284265622352764, 0.0, 0.0, 0.0, -0.03705652569343426, 0.0, -0.04445687797567926, -0.035405635427606885, -0.08960639421691052, 0.0, -0.03578883842058755, -0.05939810107661646]
["osm-6", "ABpr", 0.6769207857285844, 0.05668522857854669, -0.0025404465627138764, 0.07638374968071547, 0.10754222338828147, 0.04411833366058274, 0.07810366984110613, 0.06538905097847332, 0.09663265470914113, 0.06139312672805258, 0.06401977265682363, 0.06890821941950756, 0.10754222338828147, 0.058190329006989935, 0.0932299296129399, 0.10754222338828147, 0.09068325272005041, 0.0, 0.0, -0.02517303940831282, 0.05778683660692914, 0.09270600047478167, 0.08916114819669199, 0.09487942226470832, 0.06869127042796397, 0.06337802762453477, 0.06651962131474924, 0.05365329590036937, 0.05602580804983579, 0.10754222338828147, 0.10754222338828147, 0.06721926452841333, 0.060662565136217025, 0.0562254939888353, 0.0893486799436007, 0.04586588799560801, 0.0997290644259348, 0.07607436729542702, 0.10754222338828147, 0.0987981466625761, 0.08775867995260145, 0.03517089137445123, 0.07422821897118853, 0.05560661030538695, 0.09916548725863758, -0.05722727099039908, 0.09478832128372687, 0.09224683819606354, 0.04965556993980993, 0.06285012629424602, -0.034782207700995924, 0.06736306070892215, 0.07345485235263363, 0.10127080021332081, 0.0, 0.035312153798125356, 0.09041328768264145, -0.013717231436159995, 0.07313481004954289, 0.0, 0.06633992174044623, 0.09542382841540713, 0.10754222338828147, 0.0831766277241302, -0.008785725222222079, -0.040678845850092626, 0.054864251438367116, -0.05971988112320155, 0.09803290980781817, 0.09462593549141096, 0.0, 0.09755095339937442, -0.046742072392325376, 0.06769339239442423, 0.0903208788598853, -0.03823436431975462, -0.03207759002484632, 0.05085253699144185, 0.08634129171134058, 0.10106419991714158, -0.05950468159552743, -0.021012182003965922, 0.10990271429688472, 0.09092006719876262, -0.045306415088103916, 0.004859928063410962, -0.045765867380054025, 0.06189388870535567, 0.0, -0.03027560088527725, -0.005185206067565333, -0.015971904889035746, 0.0, 0.0, 0.05840644346227406, 0.0726358497423298, -0.06822026970499848, -0.03615538755750048, -0.021152111877651716, 0.06005603105316735, -0.05085835873212615, 0.06074456397922657, 0.10043507647051919, 0.0, 0.0, 0.032744303584057624, 0.0, -0.023908229993183237, -0.021864063728881875, 0.06270603028642448, 0.10220992067525968, 0.08463211945663542, -0.007024007049677001, -0.013734937785112738, 0.10142483864979354, -0.051207069865667386, 0.0, 0.10754222338828147, 0.09013574640691382, -0.04205600758457141, 0.0, 0.0, 0.0, 0.10754222338828147, 0.06264491762482376, -0.019690100688084092, 0.0, 0.0, 0.0, 0.08624209726233713, 0.07812274945871785, 0.10901987323159909, -0.025082933463152834, 0.09018956993886595, 0.08084787848637448, 0.10378702895847292, 0.06896463849789972, 0.10340506317109256, 0.06686508328884436, 0.0, 0.07146632950721243, -0.01720012429417387, 0.10754222338828147, -0.04217281294404021, -0.029309323375961684, 0.049739427003590866, -0.04013603624085555, 0.07454758214738587, -0.016991511341559035, -0.037080477324159346, 0.0, -0.009873943557709538, 0.1013639641611453, 0.0966393552374466, 0.0, 0.0, 0.0, -0.02241594132751958, -0.04288298161131904, 0.09448794487075013, 0.05834440163546747, 0.10317952568666526, 0.0, 0.0, 0.053678695336739995, 0.0543945341797558, 0.10754222338828147, 0.056400597924884666, 0.03425552254227796, 0.0, 0.10754222338828147, 0.09419123788051345, 0.03581636330178083, -0.017975638554089964, 0.10386773047915837, 0.034993647782921876, 0.0, 0.0, 0.018753025715393747, 0.055341045612694074, -0.03631829887343388, 0.10754222338828147, 0.04747570203028607, 0.09157970779633057, -0.022712975268772945, 0.09056486771588132, 0.06284240399043009, 0.0, 0.0442926399397143, 0.09608495123946509, -0.02897485745302475, 0.03865635142300677, -0.017192088874589045, 0.10754222338828147, 0.10259349654838447, 0.10483755367430664, 0.06210264583087216, -0.02309249533489665, 0.0685748992668905, 0.0, 0.09016627834068242, 0.09544529701973203, 0.0, 0.0, 0.0, -0.030313297877907895, 0.04539810113606793, -0.001422215976412311, 0.08397677266077125, -0.05191574260273543, 0.04319095893723912, 0.05271291457050092, 0.0, 0.0, 0.0, -0.04370894513629234, 0.003165529104654443, 0.0, 0.0, 0.10754222338828147, -0.02529630947618256, 0.0, 0.0, 0.0, 0.0, -0.07949436397679262, 0.0, 0.08936041385263355, 0.10268891903868643, -0.01762001938214207, -0.07233194575962243, 0.060538001058228263, 0.018399814271356122, -0.01674688425762724, 0.0, 0.0, 0.0, -0.02255840259519413, 0.0, -0.04201274028101716, -0.04143915142393856, -0.09732818713285085, 0.0, -0.028574427002287614, -0.036305852710559416]
